datacenter_1,5,37,240,25,1,156,25,1,156,25,1,156
datacenter_2,25,1,156,25,1,156,25,1,156,25,1,156
datacenter_3,146,156,25,1,156,25,1,156,25,1,156
datacenter_4,115,105,25,1,156,25,1,156,25,1,156
datacenter_5,127,117,195, 25,1,156,25,1,156,25,1,156
datacenter_6,176,185,322, 25,1,156,25,1,156,25,1,156
datacenter_7,132,135,280, 25,1,156,25,1,156,25,1,156
datacenter_8,210,212,341, 25,1,156,25,1,156,25,1,156
datacenter_9,190,210,313, 25,1,156,25,1,156,25,1,156
datacenter_10,38,27,152, 25,1,156,25,1,156,25,1,156
datacenter_11,43,45,132, 25,1,156,25,1,156,25,1,156
datacenter_12,122,127,205, 25,1,156,25,1,156,25,1,156
datacenter_13,165,176,304, 25,1,156,25,1,156,25,1,156
datacenter_14,56,48,209, 25,1,156,25,1,156,25,1,156


